-6.000  0.250  1.000  0.500  0.100  2.500
-0.000 -0.000 -0.000 -0.000 -0.000 -0.000 -0.000 -0.000 -0.000 -0.000 -0.000 -0.000 -0.000 -0.000 -0.000 -0.000 -0.000 -0.000 -0.000 -0.000 -0.000
-0.000 -0.000 -0.000 -0.000 -0.000 -0.000 -0.000 -0.000 -0.000 -0.000 -0.000 -0.000 -0.000 -0.000 -0.000 -0.000 -0.000 -0.000 -0.000 -0.000 -0.000
-0.000 -0.000 -0.000 -0.000 -0.000 -0.000 -0.000 -0.000 -0.000 -0.000 -0.000 -0.000 -0.000 -0.000 -0.000 -0.000 -0.000 -0.000 -0.000 -0.000 -0.000
-0.000 -0.000 -0.000 -0.000 -0.000 -0.000 -0.000 -0.000 -0.000 -0.000 -0.000 -0.000 -0.000 -0.000 -0.000 -0.000 -0.000 -0.000 -0.000 -0.000 -0.000
-0.000 -0.000 -0.000 -0.000 -0.000 -0.000 -0.000 -0.000 -0.000 -0.000 -0.000 -0.000 -0.000 -0.000 -0.000 -0.000 -0.000 -0.000 -0.000 -0.000 -0.000
-0.000 -0.000 -0.000 -0.000 -0.000 -0.000 -0.000 -0.000 -0.000 -0.000 -0.000 -0.000 -0.000 -0.000 -0.000 -0.000 -0.000 -0.000 -0.000 -0.000 -0.000
-0.000 -0.000 -0.000 -0.000 -0.000 -0.000 -0.000 -0.000 -0.000 -0.000 -0.000 -0.000 -0.000 -0.000 -0.000 -0.000 -0.000 -0.000 -0.000 -0.000 -0.000
-0.000 -0.000 -0.000 -0.000 -0.000 -0.000 -0.000 -0.000 -0.000 -0.000 -0.000 -0.000 -0.000 -0.000 -0.000 -0.000 -0.000 -0.000 -0.000 -0.000 -0.000
-0.000 -0.000 -0.000 -0.000 -0.000 -0.000 -0.000 -0.000 -0.000 -0.000 -0.000 -0.000 -0.000 -0.000 -0.000 -0.000 -0.000 -0.000 -0.000 -0.000 -0.000
-0.000 -0.000 -0.000 -0.000 -0.000 -0.000 -0.000 -0.000 -0.000 -0.000 -0.000 -0.000 -0.000 -0.000 -0.000 -0.000 -0.000 -0.000 -0.000  0.000  0.000
-0.002 -0.002 -0.002 -0.001 -0.001 -0.001 -0.001 -0.001 -0.000 -0.000 -0.000 -0.000 -0.000 -0.000 -0.000 -0.000 -0.000 -0.000  0.000  0.000  0.000
-0.008 -0.007 -0.007 -0.006 -0.005 -0.004 -0.003 -0.002 -0.002 -0.001 -0.001 -0.001 -0.000 -0.000 -0.000 -0.000 -0.000  0.000  0.000  0.000  0.000
-0.029 -0.026 -0.023 -0.020 -0.017 -0.014 -0.011 -0.008 -0.006 -0.004 -0.003 -0.002 -0.001 -0.001 -0.000  0.000  0.000  0.000  0.000  0.000  0.000
-0.092 -0.082 -0.072 -0.062 -0.052 -0.042 -0.033 -0.025 -0.019 -0.013 -0.009 -0.005 -0.003 -0.001  0.000  0.001  0.001  0.001  0.001  0.001  0.001
-0.247 -0.222 -0.194 -0.166 -0.139 -0.112 -0.087 -0.066 -0.047 -0.031 -0.019 -0.010 -0.003  0.002  0.004  0.005  0.006  0.005  0.005  0.004  0.003
-0.571 -0.513 -0.449 -0.383 -0.317 -0.254 -0.195 -0.142 -0.096 -0.059 -0.029 -0.007  0.008  0.017  0.022  0.023  0.022  0.020  0.017  0.013  0.010
-1.123 -1.009 -0.882 -0.748 -0.612 -0.481 -0.358 -0.247 -0.152 -0.073 -0.012  0.032  0.061  0.076  0.082  0.080  0.073  0.063  0.052  0.041  0.032
-1.849 -1.660 -1.445 -1.213 -0.975 -0.740 -0.518 -0.316 -0.142  0.001  0.109  0.185  0.229  0.247  0.245  0.228  0.201  0.171  0.139  0.109  0.083
-2.492 -2.232 -1.926 -1.586 -1.227 -0.864 -0.514 -0.192  0.086  0.312  0.478  0.586  0.639  0.644  0.612  0.554  0.481  0.402  0.324  0.253  0.192
-2.638 -2.349 -1.986 -1.561 -1.091 -0.599 -0.113  0.341  0.736  1.051  1.275  1.403  1.440  1.400  1.300  1.158  0.994  0.824  0.661  0.514  0.388
-1.997 -1.745 -1.383 -0.919 -0.372  0.229  0.843  1.427  1.938  2.339  2.608  2.734  2.724  2.596  2.377  2.097  1.787  1.473  1.177  0.913  0.687
-0.760 -0.585 -0.263  0.208  0.810  1.507  2.245  2.959  3.586  4.071  4.374  4.481  4.396  4.146  3.767  3.306  2.806  2.307  1.840  1.424  1.071
 0.390  0.512  0.816  1.312  1.986  2.794  3.669  4.525  5.278  5.853  6.196  6.284  6.124  5.748  5.206  4.557  3.861  3.170  2.525  1.953  1.467
 0.796  0.943  1.293  1.866  2.646  3.585  4.605  5.605  6.483  7.149  7.541  7.630  7.423  6.959  6.297  5.509  4.665  3.829  3.049  2.358  1.771
 0.464  0.689  1.121  1.781  2.653  3.689  4.802  5.890  6.844  7.568  7.997  8.100  7.886  7.397  6.696  5.859  4.963  4.074  3.244  2.509  1.885
 0.090  0.358  0.815  1.478  2.336  3.340  4.414  5.458  6.372  7.066  7.480  7.586  7.392  6.937  6.282  5.499  4.659  3.825  3.046  2.356  1.770
 0.375  0.579  0.932  1.453  2.133  2.934  3.795  4.634  5.368  5.924  6.251  6.326  6.155  5.770  5.221  4.568  3.868  3.175  2.528  1.955  1.469
 1.344  1.387  1.532  1.797  2.182  2.662  3.195  3.723  4.187  4.533  4.722  4.737  4.581  4.277  3.858  3.368  2.847  2.334  1.857  1.434  1.077
 2.377  2.249  2.178  2.184  2.273  2.434  2.643  2.865  3.062  3.201  3.254  3.209  3.066  2.837  2.544  2.210  1.862  1.522  1.209  0.932  0.699
