30 
0 1 3 2 4 3 2 5 5 6 1 7 3 9 5 11 3 12 5 15 5 17 1 18 4 21 2 24 3 25 4 26 4 27 2 28 1
1 0 3 2 3 4 2 6 2 7 3 9 2 11 1 13 1 15 5 19 5 20 1 22 4 23 4 24 3 26 2 27 1 28 2 29 1
2 0 4 1 3 3 3 4 5 5 5 12 2 13 4 21 5 22 3 27 5 28 1 29 3
3 0 2 2 3 4 2 6 5 7 4 12 1 16 4 17 2 18 3 22 2 23 2 24 5 25 5 28 3 
4 1 2 2 5 3 2 5 4 6 5 10 5 11 4 12 2 13 4 14 4 15 1 20 4 21 3 22 1 25 4 27 4 28 4 29 5
5 0 5 2 5 4 4 7 5 9 1 14 3 16 1 17 2 19 3 20 2 21 1 25 3 27 4 28 3
6 0 1 1 2 3 5 4 5 10 4 11 4 12 4 13 3 14 3 15 2 16 4 17 5 19 4 20 3 22 5 29 2
7 0 3 1 3 3 4 5 5 8 1 10 3 11 3 12 1 13 5 14 4 15 3 16 2 19 2 20 1 22 4 24 1 25 3 29 1
8 7 1 9 3 10 5 11 4 12 4 13 1 14 5 15 1 17 1 18 4 22 5 28 3
9 0 5 1 2 5 1 8 3 10 2 11 2 12 1 17 5 18 2 24 2 27 3 29 5
10 4 5 6 4 7 3 8 5 9 2 11 5 13 5 14 2 16 4 17 3 18 2 21 2 22 3 24 1 26 1 27 2 28 3 29 4
11 0 3 1 1 4 4 6 4 7 3 8 4 9 2 10 5 13 3 14 2 16 5 17 3 21 4 22 2 24 2 26 5 27 5 28 4 29 3
12 0 5 2 2 3 1 4 2 6 4 7 1 8 4 9 1 14 1 15 1 16 1 18 2 19 3 22 4 25 3 27 3
13 1 1 2 4 4 4 6 3 7 5 8 1 10 5 11 3 14 3 15 5 18 3 19 2 20 1 27 4
14 4 4 5 3 6 3 7 4 8 5 10 2 11 2 12 1 13 3 15 1 18 2 19 5 20 3 25 1 26 2
15 0 5 1 5 4 1 6 2 7 3 8 1 12 1 13 5 14 1 16 3 17 2 18 3 19 1 22 1 23 4 27 3 29 3
16 3 4 5 1 6 4 7 2 10 4 11 5 12 1 15 3 18 4 19 5 20 3 21 4 24 3 26 5 29 4
17 0 1 3 2 5 2 6 5 8 1 9 5 10 3 11 3 15 2 19 5 22 1 28 5
18 0 4 3 3 8 4 9 2 10 2 12 2 13 3 14 2 15 3 16 4 19 3 20 5 21 2 27 4 29 5
19 1 5 5 3 6 4 7 2 12 3 13 2 14 5 15 1 16 5 17 5 18 3 21 5 23 5 24 2 25 5 28 2 29 1
20 1 1 4 4 5 2 6 3 7 1 13 1 14 3 16 3 18 5 21 1 22 2 24 5 25 1 26 4 27 3
21 0 2 2 5 4 3 5 1 10 2 11 4 16 4 18 2 19 5 20 1 22 4 24 2 26 4
22 1 4 2 3 3 2 4 1 6 5 7 4 8 5 10 3 11 2 12 4 15 1 17 1 20 2 21 4 23 5 29 2
23 1 4 3 2 15 4 19 5 22 5 24 4 29 3
24 0 3 1 3 3 5 7 1 9 2 10 1 11 2 16 3 19 2 20 5 21 2 23 4 26 5 27 2
25 0 4 3 5 4 4 5 3 7 3 12 3 14 1 19 5 20 1
26 0 4 1 2 10 1 11 5 14 2 16 5 20 4 21 4 24 5 27 5 29 4
27 0 2 1 1 2 5 4 4 5 4 9 3 10 2 11 5 12 3 13 4 15 3 18 4 20 3 24 2 26 5
28 0 1 1 2 2 1 3 3 4 4 5 3 8 3 10 3 11 4 17 5 19 2 29 1
29 1 1 2 3 4 5 6 2 7 1 9 5 10 4 11 3 15 3 16 4 18 5 19 1 22 2 23 3 26 4 28 1
3
2
18
23


9
0 1 3 2 4 5 2 7 5 8 1
1 0 3 2 3 3 5 5 3 6 5 7 5
2 0 4 1 3 3 1 5 4 7 2 8 3
3 1 5 2 1 4 4 5 4 7 2
4 3 4 5 1 6 3 7 2 8 2
5 0 2 1 3 2 4 3 4 4 1 6 3
6 1 5 4 3 5 3
7 0 5 1 5 2 2 3 2 4 2 8 2
8 0 1 2 3 4 2 7 2
2
1
5


4
0 1 2 2 5
1 0 2 3 7
2 0 5 3 1
3 1 7 2 1


        (0)
       /   \
      2     5
     /       \
   (1)       (2)
     \       /
      7     1
       \   /
        (3)
